rSE_Trn_mean =  	196.416245 
rSE_Trn_std =  	1374.913718 
