rSE_Trn_mean =  	343.945459 
rSE_Trn_std =  	1787.171755 
